-1.7225115421499988 -1.08517917818541 3.3313463355524884 0
-0.5037837534141184 -0.10679703535450132 0.5926310859195157 1
-0.16512262640168673 -0.3635958176269571 5.8651414825902854 1
-0.09385725445189527 0.05547695669080994 3.7938345010669847 1
1.17065724565646 0.571669684853608 3.3402536559810936 0
-1.9750054742709469 -1.3986269534643636 5.539062413654329 0
-2.674946250241063 -2.080405633126874 1.4718021046633665 0
1.2451881222581829 -2.9722981046108945 4.021540089231643 0
0.17550976738150206 -0.055757415266266444 3.3823429721243765 1
-2.988003612147437 3.104300599790096 0.19959485446276545 0
-0.49495160055925114 0.5622915274312246 1.5780540276435633 1
-0.42570100747929374 1.5805735510219998 2.767953325836633 0
0.7348167225530585 0.08918441013099922 1.1603306468472563 1
-0.2726809255131242 -0.8294252901406698 4.377290809830344 0
-2.9481395222011195 2.8203937027830026 4.16206511461097 0
0.15730247962247318 -0.04716935911762211 4.890057415880324 1
0.1643862897632029 0.48070734684647265 0.5817624403642385 1
-0.3583485297392677 0.5761814316854572 1.9320435939855645 1
0.20750105482767012 -2.7279341465740155 4.066958027194483 0
0.019119970159518627 -0.3538343400362758 5.69214383504266 1
-0.23548374380939704 -0.38964878030157646 2.5714269612849714 1
-0.0755744318596856 0.7553187076032867 1.431172232172946 1
2.3422729049669044 2.2564012458123823 1.0255673739380333 0
-0.5742430160129297 3.0554270061024376 5.4563432165168075 0
-0.6997655165588913 0.2803739754553948 1.2670427331613148 1
0.5481866277137145 0.42484193642727686 1.8753175395039194 1
0.1397992987065051 0.600763861309115 2.1330067111383575 1
0.05030966508453873 0.6986313115306477 1.8475376738181137 1
0.09405387105207991 -0.01956296389578385 4.375585291775149 1
0.6726438798876115 0.3585608120946788 4.759972143841715 0
0.0811593700163664 -0.74516553759151 1.2258295516316375 1
2.344255816499728 2.997819550917761 5.678026504597802 0
-0.07543383785599254 0.7399405094756597 1.6211992209055146 1
-2.0432459889154533 -2.3631297971621072 1.9392416859004538 0
-0.09435277951312199 0.06128966895041897 4.554634228115307 1
-1.9671212355452865 -0.16643954427646745 1.9944460726915436 0
-0.05005567705013234 -0.1221776994862489 4.701054248782789 1
-2.195567230615557 0.6724098756037189 5.335165738110242 0
2.39893391205148 -0.0243314978359499 4.073274985089727 0
0.09143402253578495 0.02263763249429751 3.9609997190173223 1
-0.09222367762576736 0.037987785376331504 4.425076958215553 1
3.0524578359153756 -2.9256698481364802 5.286994229316213 0
0.3501697091874689 2.530367394860213 0.06302206222540471 0
-1.8674867006109197 1.938459824401927 1.0199716969045411 0
0.533445689980559 0.5149929225915555 1.6376911646514238 1
-0.07632656395712725 -0.6878593686541349 0.9633378366038096 1
-1.8610604206963572 1.9495875875678212 5.796951510647249 0
-1.6797275806103107 -1.6238632743728887 0.18499081473723583 0
0.43536188104333606 0.19488561769946822 2.514884059929342 1
2.1201704961022996 2.410089935990282 4.797236116559103 0
-1.2914470570548728 3.0886460440800834 2.1315978097410557 0
-1.0339507997651882 -2.996031421984636 5.2576087296829295 0
-1.483746427550243 0.6248150073190408 1.5330936670580209 0
-0.16841553421451083 0.46563990240883424 3.397212232379297 0
0.1043503503157952 -1.80636165273979 3.0777454331086136 0
-0.910121428539377 -0.7347794749635623 5.9179364348196275 0
0.09202436495556905 0.09748631640157929 4.714388921995534 1
-2.6072289700571027 -0.30557169495321723 4.005732000985337 0
-0.03596543238860259 -0.08179499814801315 4.074063451898132 1
0.8474475007781201 1.0102018755704387 1.169775615333042 0
2.64664362618408 1.2679450027815946 1.0820194915895485 0
-0.029591089337386644 -0.09529698657747589 4.425624261199573 1
-0.44746216575059083 -0.42528725840032905 2.1314804748511778 1
-2.5029551968846535 -0.1682144804665704 1.9657373178026003 0
1.6175419640794573 -1.5171900372733624 1.9102146077038185 0
-0.19504632210172002 -3.093251453277515 0.5496187601097134 0
-0.3103327076524585 0.3615160072103898 2.51630608888601 1
0.4326441205539653 2.2447901868677285 4.470005519437553 0
0.40433741749432256 -0.014259120343240408 5.885514817793888 1
0.09593069248660767 -0.6666260825345431 1.9501269800978962 1
-0.9733777643268251 1.6325648487383724 3.3397136910398513 0
0.4959778781048652 0.08716649172582434 2.4453599385104288 1
0.07024136298817363 -0.05640928693768505 4.255629672263431 1
0.9285610334817704 0.6141142255433123 4.527707048357354 0
0.07628750571226776 0.0545455845860569 3.9678718670382267 1
-1.5295752661069357 -2.3838515633765596 0.5611423872522855 0
0.21477544600032478 -0.04766799012615855 3.247131737992927 1
-0.07272923506718387 0.6180525224236989 2.1164833980114093 1
0.2781125531678312 0.05972250895431514 3.0384605941713394 1
-0.15305050250344993 0.7191536936831329 1.6778928460700153 1
0.45444830171211426 -0.4682829663546248 0.8557030118046981 1
2.5809851562584054 0.850193056649641 2.6089805532002033 0
0.27704334109043616 -0.07937548422578053 3.0272480407169424 1
-0.13642421779523398 0.33661523098927326 2.814643572177151 1
0.11368472535172362 0.08982553152969713 3.561383805448246 1
0.34613854207622247 0.343461308454659 2.4871390584626227 1
0.0680903246866323 -0.49614561443844146 2.4526643868683977 1
2.2782303133774624 0.8259896205990067 3.271100544760988 0
1.2323064481635981 -1.7704949792099944 3.509761955396167 0
-0.20268597368288752 0.3743803854268222 2.6485200912058273 1
-1.012777057739676 -1.027451530762446 2.014955333852457 0
-0.6363077495602629 0.2338476552336957 0.921689909695287 1
-1.3576002662035225 1.7132433759817873 1.728921806451362 0
0.08638180522732508 2.8366026706089 4.110268039404586 0
0.2638696122345877 0.3135772493620803 5.905876641936916 1
-0.36867663097924475 0.15010999567953562 0.42642571547866653 1
-0.5778806996835326 -0.23460885275661442 2.1123327218894525 1
0.0731293322781059 -0.08554392276404764 3.76480485580354 1
-0.06960424510208897 0.5706733247113044 2.2535058713298 1
-2.2277635833494727 0.9884584054538514 0.6407105931542159 0
